00000000000000000000000000000000000000000000000000000000000000000000000000000000000000000000000000000
00021000302223413032321152215243115022004032344522041252513450244235444433051424101101421012231201100
01020303223411433302442330130520254534220054153046554262064522513102140553140240343412331103023200030
00030122034040114301201345543145524416350016410502114062046211141020215431445141025104212433141020330
03303134230020341400350012104411565545456250422626513565565442025004461214551124342433130134301412030
03312031211312300020551134302446100626540345201063634621552012103556011535423013234422233101343243000
02322012310210032543554114023103262066250115641141252022635044514512126001553514241543102404112134310
00330333333010115235440232061361455053042243256060203600062064555645135535120543541245232322012304410
01322010322343340442513342203453604024565416622535563757546623232652016415141211050253004530411112340
03143223413221044022350202065650442253635276177675745244754217635043410615511542503441255140142343440
01013230430234305433424405323243264136556575272156611166234556136643210051343002235425102531022113100
03204042425141221115250434445306254176567731172475127124443157674224121303515055132311043220324213030
02212041232051331420440562456542052317343715466167532173215564722236540440436125541521415543331020340
03403101552254521522166356343527125413663123262722621435223471111666467360013601020102202140001330020
00124040035150024164225001632442713662527115316153334373524614547773111421320001402056300423052220130
03324345523022034455035434245233274643625266572516876347455365217465231547175316432501323005410530000
00201303124253163626111304622171254254355452654677252563327772331371415243146311000511533143143430320
01121151245120023460113424331461245423568454838627563227855452836527237472767764031316225400140015240
03323540131010030310530222454312746276546773436386726434425634487827374643375465415466304311250213300
02203153201420641614065343652623772683737435277845752463255646762388167337673313451143636123440515350
01020411535260006014023256257665345435278824766533667275734487277756771463657324314252255620431300340
03500541143105330024266541251665752857578274222578723787663832675434848653172525327654402165435555120
02224404043530161447473474573685626685862858475535787324358875844634468621161347512403606452254353440
05542345461632626303134317622488766686633524368883745878562633438425266352373142314510620366054425200
05255313246626603562566143444383735757326999883667759899764473843383368276864455772220303636312405120
00555412610425334241773757567384434828469869797889789975593776792554638582377573274644220262305101300
05141232212402504424577447283473866376849535745464553447545483337932338654367512313146535412231022020
03554542506611146451445517857247532373783453754934539675597966758398374443347766255524125523024313020
02024452343332067677446538747242765869736688789496534739476865675654873258647337356776722414165134520
04454152232110616337674338652524835747446859745933349636689837456433548856584232635365312131025442020
02014054642511646541773857832246664739756746437679466484646789589693363356385782751541162231522221020
04014231403564416547455722668489655935539956676446489647478845444394935454724544377153366453033464220
01544403232407414277328674675649573363949858597666444956589859635834963997365526321627564452125364040
04416636630626613721228673645846553889774748575857786868895787996449497334634238267155342151540652040
04220361220162436511746635886938985833749689747785795859774785996433895375735343546223774525554113150
04304124033622725133487636735665789456459974547586944867588449585697867583594755755775326611265323000
05036530204412674227653534698679983397644495967769689964497774646448469388663326355837277716652630260
00062526315413316357687547533573847549886595858579565676666459755996534666553333424853457626000324030
02152055427757137328688423898855856468848584498585797779759975849974636983399322633631624312516152510
03422244507311151757626265465389554477964688857767788796976956999454463884444783553478276357320066460
00450111102262116336236585483655444984664687668786995976558975864885554359349355268838515377366041330
04403522122434313763828696344345684476545668958977968756797596675988988493348738445837422717670244030
05666323671214147622724487847557467999857599665596579896979776779554557545493937845868752753415626210
00041311671357574268824644867736997867899599577959855955595877755544799456378497476677522422123242440
00224110314327242625335547946645974464798695687675988996699695889848644575359867252634735774574131340
00364150053311625273465774875937984586689768887768887668566995988477765676865794768366567236231113420
05040013023315452676844395547768949579997885778766889698655589555479656875568497864634572443550445110
04642660742641265752768338647845466978857888789679669886786966866855767898436768445766232424514114110
06601305736423263663626547855496765745878768887696896967987999886786485546357457243642737724746665020
04135115213134376524226649486456495669799666766797786699687777767869584643567975452477632673656436450
04550331744732745644842853879958795955556865699979776988687698556865648475934896688588477441314102250
05603166755323446354433496639944998698665985688897988689679766796555974946793369785243322465672653610
01210531633422343524538377545699684655579686977667668889699666677964794573844444682648373764745154550
06040623135276426347682558468996485455596658866689668879999596597699784957947958257753737136132314510
00410311126227543328424397767369669946778886998986799889677796967588495893655797666762422562274203640
06301613631264767784554757996585459555985765688777686986685799887995968664656354882845552527262110440
04555636414271272833647587964759758946586776887897777698766679787479556775735755255884442417651115110
02564200635326452255428638849588444965967599997697696876788887888754498889459589483787564761271550540
05232561652175473626363255476865497676989579679859689878977776858665767443443882568868543626473421100
02052246067645567635442348746766594744689685768796685588566758556687798478497382473877444213211456100
00226513556156535524684866764596947447475758776568867766778585849889446787875765567477241254673333050
05263134243247171264867466446433975896644688655998588869966697885664894737983876767668732166575214260
04265304045224117625725676973759597479756696679586856798786595877649776583986973532835632153122440140
00235102457411317754368645796846998749799765677765577658667754695877574985444765547537226416563036540
02113414334422254145653328878993636786994955678889986756576596887444584933873438423467474772526262500
04065431521543356147582777485958368967866549487599999785695885557648386866536473628547231632264561010
03336406336173155354565253648494585587446568998555548978975688444465338664575456548475623774422142260
00400030532465343544387487239333659348784859974589555747859669966533539696668672767616611111241045500
04056025162062643651573786274955469356585945878695799589696867669868366873482858652316163362320001000
03041310302542336415782724758689534465455777666449569896799644896885543989562234334176377326615005400
01311646622253254417333663243454779546394759976586847664654879746995796653443262481361514720511304450
04523121542061746541386842773768894499457469546896468757775964869493659688884562267323322632634200000
00030101545512462232742824543453556733499676899868857954499893596334967285538852214376117304545544550
01314351264600176355447857543448743796953793663845739343577953986339674753538368644614241462643541420
03501545440450133525331735662577577873854486974849974545787359374996656284255423764525636354502240220
03024202243651636517652644468752873595336374984456394439695864664333843463377226627744365666244542140
04152424563211051736557337448863438265489446663386838763839734979987444886874465412567242446615314310
01553032061343141243725536186238572373465678575644647975933936755635364677773171746256401322030032400
03355215446525236246415754517856353523335879576475985356339488678386526366865731375150623564420451530
02353145002446366153423253462772566856538382267554938586834656837362833676542266554565415466443131250
02525205115310613056143646712128564736256424777328452787665736424252865725623731374464560050113304330
02415254551201160465437376423255436776232438842425344233278274463833764417276573143431254036324340020
03010452235512203561671176217553257722528452225462465884647848746857746761636551316326221464124155150
00111501333113366142514354164536323834543275343672882423287465376735437142636742632620011323545444120
03141040330003062565316662564335535358335383374638472774534765632276727156172726013025511204223055040
01042114420131416644023636456171634352455562282353378646566736263541514167213752433236356251002104240
04134223135025353626150541715114317753355747485265747287474537244721576326352633500245525020523400240
01312253010233044564241504045257654165655722723218353771672353173125516453344324065361605454341221200
03421310522324133253014510415167165417373462524136671156126422273125724331045250031142402401412320020
02444211013540054302324344203443232734213742256355513634632455612717434114521164663110343341012310200
02324044023043114151641514015534637311471111477521417326251525536153610461333413132655252325441434420
02013210335201334143123013263302530412672516144773225666454726564145450353211063614343515011233141040
02112320344425242423134533250463313531743523354227523647757465375133335343551203223204040540143031240
02240322332404305101355416520650524151541475656562316516533275114434241131005430202233351300101414000
00041101011335434405115232654240133414330436550225121726221403224341161045520434133522110213124214330
00003044332324024101512053335266130434635560214134021416341544045301123033062444022213125222210040420
02002044410201352320330325415162325504452211415206650163365360520631153350403440250542133244003123030
03002110224403101230555100532515052264522655563651001010140446452365052135502014252524041003024132310
03103124132100324220532420242433430601353404223133124035056311044301202331123242044140213310124012320
01320203413303040220535035223133420262111336100000205542136622441425512531243022452421101110331012030
00000000000000000000000000000000000000000000000000000000000000000000000000000000000000000000000000000
